Exchange-only LDA / STO-3G reference output
Cartesian midpoint grid: [-7.5, 7.5)^3 bohr, spacing 0.60 bohr
Grid points: 15625

SCF iterations:
 iter        total energy             RMS(D)       grid electrons
    1       -87.369521249495     7.470610e-01      25.4692550550
    2       -89.898210987881     3.022885e-01      25.5747581471
    3       -90.736096291957     1.122948e-01      25.5970327938
    4       -90.990494578729     5.523351e-02      25.6074326166
    5       -91.063952699482     2.342784e-02      25.6079995828
    6       -91.084604765908     1.171940e-02      25.6091899322
    7       -91.090290325694     5.393635e-03      25.6090003519
    8       -91.091832171336     2.636756e-03      25.6091902139
    9       -91.092245280548     1.247842e-03      25.6091247711
   10       -91.092354916459     6.023476e-04      25.6091627319
   11       -91.092383786370     2.876068e-04      25.6091462242
   12       -91.092391339662     1.381830e-04      25.6091545709
   13       -91.092393305158     6.616393e-05      25.6091506800
   14       -91.092393814270     3.174049e-05      25.6091525734
   15       -91.092393945624     1.521089e-05      25.6091516729
   16       -91.092393979400     7.293602e-06      25.6091521064
   17       -91.092393988059     3.496197e-06      25.6091518990
   18       -91.092393990273     1.676185e-06      25.6091519986
   19       -91.092393990838     8.035429e-07      25.6091519509
   20       -91.092393990982     3.852274e-07      25.6091519738
   21       -91.092393991019     1.846775e-07      25.6091519628
   22       -91.092393991028     8.853539e-08      25.6091519681
   23       -91.092393991030     4.244402e-08      25.6091519655
   24       -91.092393991031     2.034782e-08      25.6091519667
   25       -91.092393991031     9.754801e-09      25.6091519662

Final total energy (Eh): -91.092393991031
Final Tr[P S]: 10.000000000000
Final grid electrons: 25.609151966160

Orbital energies (Eh):
    1     -43.742827027611
    2      -0.844258382216
    3      -0.211950490502
    4      -0.211950490502
    5      -0.211950490502
    6       0.249883068899
    7       0.533395492129
    8       0.533395492129
    9       0.533395492129
