Exchange-only LDA / STO-3G reference output
Cartesian midpoint grid: [-7.5, 7.5)^3 bohr, spacing 0.60 bohr
Grid points: 15625

SCF iterations:
 iter        total energy             RMS(D)       grid electrons
    1       -84.044800008007     6.275243e-01      14.8006393106
    2       -85.265154789814     3.420421e-01      14.9095678634
    3       -85.687449148260     2.007059e-01      14.8760487204
    4       -85.841674669678     1.544274e-01      14.9124460920
    5       -85.905357328293     1.166130e-01      14.8893739215
    6       -85.935291557359     9.322796e-02      14.9093384886
    7       -85.951203721305     7.338816e-02      14.8945189483
    8       -85.960328126573     5.908445e-02      14.9068337135
    9       -85.965860859566     4.709599e-02      14.8972885115
   10       -85.969299137255     3.799321e-02      14.9051265238
   11       -85.971480640999     3.044386e-02      14.8989454168
   12       -85.972873756289     2.456811e-02      14.9039893922
   13       -85.973770975734     1.973637e-02      14.8999768446
   14       -85.974349598310     1.592425e-02      14.9032377805
   15       -85.974724232385     1.280943e-02      14.9006308295
   16       -85.974966779487     1.033221e-02      14.9027435292
   17       -85.975124128858     8.317288e-03      14.9010495319
   18       -85.975226169402     6.707024e-03      14.9024197599
   19       -85.975292415883     5.401343e-03      14.9013190777
   20       -85.975335408209     4.354728e-03      14.9022082577
   21       -85.975363326977     3.507864e-03      14.9014931707
   22       -85.975381451770     2.827733e-03      14.9020703626
   23       -85.975393222813     2.278177e-03      14.9016058387
   24       -85.975400865809     1.836282e-03      14.9019805769
   25       -85.975405829598     1.479552e-03      14.9016788458
   26       -85.975409052882     1.192485e-03      14.9019221681
   27       -85.975411146254     9.608829e-04      14.9017261908
   28       -85.975412505666     7.744141e-04      14.9018841934
   29       -85.975413388532     6.240336e-04      14.9017569096
   30       -85.975413961870     5.029188e-04      14.9018595135
   31       -85.975414334219     4.052691e-04      14.9017768473
   32       -85.975414576028     3.266065e-04      14.9018434782
   33       -85.975414733068     2.631949e-04      14.9017897904
   34       -85.975414835052     2.121062e-04      14.9018330611
   35       -85.975414901285     1.709270e-04      14.9017981940
   36       -85.975414944297     1.377472e-04      14.9018262946
   37       -85.975414972231     1.110051e-04      14.9018036506
   38       -85.975414990372     8.945672e-05      14.9018218997
   39       -85.975415002154     7.209000e-05      14.9018071939
   40       -85.975415009805     5.809563e-05      14.9018190453
   41       -85.975415014774     4.681734e-05      14.9018094948
   42       -85.975415018000     3.772890e-05      14.9018171914
   43       -85.975415020096     3.040453e-05      14.9018109890
   44       -85.975415021457     2.450220e-05      14.9018159874
   45       -85.975415022341     1.974557e-05      14.9018119594
   46       -85.975415022915     1.591241e-05      14.9018152055
   47       -85.975415023288     1.282333e-05      14.9018125896
   48       -85.975415023530     1.033397e-05      14.9018146977
   49       -85.975415023687     8.327837e-06      14.9018129988
   50       -85.975415023789     6.711168e-06      14.9018143679
   51       -85.975415023855     5.408333e-06      14.9018132646
   52       -85.975415023898     4.358421e-06      14.9018141537
   53       -85.975415023926     3.512324e-06      14.9018134372
   54       -85.975415023945     2.830482e-06      14.9018140146
   55       -85.975415023956     2.281003e-06      14.9018135493
   56       -85.975415023964     1.838194e-06      14.9018139243
   57       -85.975415023969     1.481348e-06      14.9018136221
   58       -85.975415023972     1.193775e-06      14.9018138656
   59       -85.975415023974     9.620289e-07      14.9018136694
   60       -85.975415023976     7.752714e-07      14.9018138275
   61       -85.975415023977     6.247687e-07      14.9018137001
   62       -85.975415023977     5.034831e-07      14.9018138028
   63       -85.975415023978     4.057425e-07      14.9018137200
   64       -85.975415023978     3.269761e-07      14.9018137867
   65       -85.975415023978     2.635006e-07      14.9018137330
   66       -85.975415023978     2.123475e-07      14.9018137763
   67       -85.975415023978     1.711247e-07      14.9018137414
   68       -85.975415023978     1.379045e-07      14.9018137695
   69       -85.975415023978     1.111332e-07      14.9018137468
   70       -85.975415023978     8.955905e-08      14.9018137651
   71       -85.975415023978     7.217305e-08      14.9018137504
   72       -85.975415023978     5.816218e-08      14.9018137623
   73       -85.975415023978     4.687122e-08      14.9018137527
   74       -85.975415023978     3.777216e-08      14.9018137604
   75       -85.975415023978     3.043949e-08      14.9018137542
   76       -85.975415023978     2.453031e-08      14.9018137592
   77       -85.975415023978     1.976827e-08      14.9018137552
   78       -85.975415023978     1.593067e-08      14.9018137584
   79       -85.975415023978     1.283807e-08      14.9018137558
   80       -85.975415023978     1.034583e-08      14.9018137579
   81       -85.975415023978     8.337406e-09      14.9018137562

Final total energy (Eh): -85.975415023978
Final Tr[P S]: 10.000000000000
Final grid electrons: 14.901813756206

Orbital energies (Eh):
    1     -26.033037353906
    2      -0.871934807359
    3      -0.269240670278
    4      -0.246365630698
    5       0.021866717479
    6       0.292020891339
    7       0.381766170397
